TRACE t=1000 0 0 0 0 0 0 0 0 0 0 0 0 0 0 0 0
SUM 0 0 0 0 0 0 0 0 0 0 0 0 0 0 0 0
TRACE t=2000 0 0 0 0 0 0 0 0 0 0 0 0 0 0 0 0
SUM 0 0 0 0 0 0 0 0 0 0 0 0 0 0 0 0
TRACE t=3000 0 0 0 0 0 0 0 0 0 0 0 0 0 0 0 0
SUM 0 0 0 0 0 0 0 0 0 0 0 0 0 0 0 0
TRACE t=4000 12 11 2 6 0 2 12 3 0 0 0 0 12 0 0 415
SUM 7680 6826 417 4228 0 1763 7680 835 0 0 0 0 7680 0 0 0
TRACE t=5000 0 0 0 0 0 0 0 0 0 0 0 0 0 12 12 768
SUM 13926 12354 768 7680 0 3138 13926 1536 0 0 0 0 13926 5730 0 0
TRACE t=6000 12 9 1 4 0 4 12 1 0 0 0 0 12 0 12 1372
SUM 24972 22170 1373 13751 0 5673 24972 2746 0 0 0 0 24972 6660 0 0
TRACE t=7000 12 11 1 6 0 3 12 2 0 0 0 0 12 0 24 1659
SUM 30264 26851 1660 16647 0 6883 30264 3321 0 0 0 0 30264 13320 0 0
TRACE t=8000 0 0 0 0 0 0 0 0 0 0 0 0 0 12 36 2304
SUM 41898 37182 2304 23040 0 9534 41898 4608 0 0 0 0 41898 13662 0 0
TRACE t=9000 12 11 1 7 0 3 12 1 0 0 0 0 12 0 36 2610
SUM 47556 42205 2611 26155 0 10828 47556 5222 0 0 0 0 47556 19980 0 0
TRACE t=10000 0 0 0 0 0 0 0 0 0 0 0 0 0 12 48 3072
SUM 55805 49517 3072 30720 0 12653 55805 6144 0 0 0 0 55805 23707 0 0
PROGRESS cycles=10000 elapsed=10000 dispatched=12 completed=0 checked=0 native=7113 host_seconds=1.74847 cycles_per_second=5719.27
PREFIX_ONLY limit=10000 elapsed=10000 requests=6144 hits=6144 misses=0 fills=0 native=7113
