TRACE t=1000 0 0 0 0 0 0 0 0 0 0 0 0 0 0 0 0
SUM 0 0 0 0 0 0 0 0 0 0 0 0 0 0 0 0
TRACE t=2000 0 0 0 0 0 0 0 0 0 0 0 0 0 0 0 0
SUM 0 0 0 0 0 0 0 0 0 0 0 0 0 0 0 0
TRACE t=3000 0 0 0 0 0 0 0 0 0 0 0 0 0 0 0 0
SUM 0 0 0 0 0 0 0 0 0 0 0 0 0 0 0 0
TRACE t=4000 326 316 6 64 0 238 326 14 0 0 0 0 326 0 0 1795
SUM 106276 102023 1801 19075 0 79338 106276 3610 0 0 0 0 106276 0 0 0
TRACE t=5000 826 805 5 78 0 719 826 8 0 0 0 0 826 0 0 8324
SUM 682276 663880 8329 85553 0 561666 682276 16661 0 0 0 0 682276 0 0 0
TRACE t=6000 1326 1302 9 86 0 1200 1326 16 0 0 0 0 1326 0 0 16068
SUM 1758276 1723251 16077 164461 0 1526629 1758276 32161 0 0 0 0 1758276 0 0 0
TRACE t=7000 1826 1815 7 87 0 1717 1826 11 0 0 0 0 1826 0 0 25075
SUM 3334276 3279985 25082 255668 0 2974149 3334276 50168 0 0 0 0 3334276 0 0 0
TRACE t=8000 1870 1850 9 107 0 1724 1870 19 0 0 0 0 1870 0 0 35095
SUM 5202340 5127914 35104 356142 0 4701554 5202340 70218 0 0 0 0 5202340 0 0 0
TRACE t=9000 1870 1846 6 97 0 1735 1870 14 0 0 0 0 1870 0 0 46554
SUM 7072340 6974997 46560 470692 0 6411177 7072340 93128 0 0 0 0 7072340 0 0 0
TRACE t=10000 1870 1844 11 109 0 1712 1870 23 0 0 0 0 1870 0 2 58138
SUM 8941222 8820704 58201 586651 0 8117609 8941222 116444 0 0 0 0 8941222 1110 0 0
PROGRESS cycles=10000 elapsed=10000 dispatched=1870 completed=0 checked=0 native=320 host_seconds=3.02128 cycles_per_second=3309.86
PREFIX_ONLY limit=10000 elapsed=10000 requests=117373 hits=117373 misses=0 fills=0 native=320
