TRACE t=1000 0 0 0 0 0 0 0 0 0 0 0 0 0 0 0 0
SUM 0 0 0 0 0 0 0 0 0 0 0 0 0 0 0 0
TRACE t=2000 0 0 0 0 0 0 0 0 0 0 0 0 0 0 0 0
SUM 0 0 0 0 0 0 0 0 0 0 0 0 0 0 0 0
TRACE t=3000 0 0 0 0 0 0 0 0 0 0 0 0 0 0 0 0
SUM 0 0 0 0 0 0 0 0 0 0 0 0 0 0 0 0
TRACE t=4000 12 120 0 52 68 34 48 48 48 0 0 4320 12 0 0 192
SUM 7680 67558 192 3823 63543 2232 30720 16512 16512 14208 0 1656334 7680 0 0 0
TRACE t=5000 12 48 0 24 24 9 48 48 48 0 0 9456 12 0 0 576
SUM 19680 196354 576 8450 187328 4796 78720 35520 35520 43200 0 8335990 19680 0 0 0
TRACE t=6000 12 0 0 0 0 0 48 48 48 0 0 11244 12 0 12 768
SUM 24972 261120 768 10402 249950 5705 99768 41784 41784 57984 0 18660298 24972 6660 0 0
TRACE t=7000 12 0 0 0 0 0 48 48 48 0 0 16524 12 0 12 1152
SUM 36972 391680 1152 16196 374332 9298 147768 61368 61368 86400 0 32868154 36972 6660 0 0
TRACE t=8000 0 0 0 0 0 0 0 0 0 0 0 20832 0 12 24 1536
SUM 48288 522240 1536 20804 499900 11410 192912 76944 76944 115968 0 52146528 48288 7320 0 0
TRACE t=9000 12 192 0 0 192 0 48 0 0 48 0 23952 12 0 24 1536
SUM 54264 579552 1536 23283 554733 12750 216816 89304 89304 127512 0 74128248 54264 13320 0 0
TRACE t=10000 12 176 2 0 174 0 48 0 0 48 0 28864 12 0 24 1934
SUM 66264 713687 1936 28905 682844 16059 264816 107352 107352 157464 0 100919569 66264 13320 0 0
PROGRESS cycles=10000 elapsed=10000 dispatched=12 completed=0 checked=0 native=3840 host_seconds=1.80627 cycles_per_second=5536.26
PREFIX_ONLY limit=10000 elapsed=10000 requests=4224 hits=4224 misses=0 fills=0 native=3840
