TRACE t=1000 0 0 0 0 0 0 0 0 0 0 0 0 0 0 0 0
SUM 0 0 0 0 0 0 0 0 0 0 0 0 0 0 0 0
TRACE t=2000 0 0 0 0 0 0 0 0 0 0 0 0 0 0 0 0
SUM 0 0 0 0 0 0 0 0 0 0 0 0 0 0 0 0
TRACE t=3000 0 0 0 0 0 0 0 0 0 0 0 0 0 0 0 0
SUM 0 0 0 0 0 0 0 0 0 0 0 0 0 0 0 0
TRACE t=4000 326 2800 5 2151 645 2141 1304 716 716 588 0 68536 326 0 0 725
SUM 106276 760983 730 529169 231080 522002 425104 280043 280043 145061 0 18123586 106276 0 0 0
TRACE t=5000 826 4958 7 4894 54 4849 3304 2201 1184 1103 0 213706 826 0 0 6030
SUM 682276 5352181 6037 4885709 460388 4854199 2729104 1496251 1153667 1232853 0 160036785 682276 0 0 0
TRACE t=6000 1326 4888 12 4555 325 4494 5304 4591 2697 713 0 364589 1326 0 0 12914
SUM 1758276 10485108 12926 9814551 657146 9742654 7033104 4831761 3001659 2201343 0 448137825 1758276 0 0 0
TRACE t=7000 1826 4627 10 3841 772 3770 7301 7016 5533 285 0 529034 1826 0 0 21336
SUM 3334276 15134369 21346 13865072 1245787 13735351 13336839 10664863 7236957 2671976 0 894322802 3334276 0 0 0
TRACE t=8000 1852 4735 12 3947 779 3883 7298 7099 5903 199 0 695276 1852 18 18 31906
SUM 5198770 19806692 32460 17647211 2124313 17453307 20744643 17877501 13141370 2867142 0 1506970877 5198770 3534 0 0
TRACE t=9000 1840 5324 13 4796 518 4732 7270 6754 4060 516 0 855820 1840 30 74 44523
SUM 7038770 24954841 46655 22031359 2876299 21772948 28001649 24786112 17905252 3215537 0 2283123355 7038770 33334 0 0
TRACE t=10000 1841 5139 19 4834 299 4776 7166 6600 3777 566 0 1016463 1841 29 117 57251
SUM 8887156 30221156 60402 26987218 3174422 26662117 35260352 31508813 21900994 3751539 0 3219001250 8887156 54774 0 0
PROGRESS cycles=10000 elapsed=10000 dispatched=1870 completed=0 checked=0 native=16596 host_seconds=8.64364 cycles_per_second=1156.92
PREFIX_ONLY limit=10000 elapsed=10000 requests=119848 hits=119848 misses=0 fills=0 native=16596
